 9829060035
 9443040025
 9845014175
 9842152159
 9843052159
 9443379786
 9848193525
 9440578642
 9840053032
 9443371093
 9883494690
 9835212076
 9422250707
 9444015363
 9840053032
 9283449984
 9422066715
 9443123650
 9422644334
 9842774475
 9843081971
 9822072047
 9443125790
 9848194583
 9841096953
 9829014210
 9818075324
 9842141505
 9818553338
 9840066740
 9820315283
 9842441747
 9415041689
 9821020911
 9821033888
 9820062457
 9821139786
 9821123786
 9447166474
 9820064471
 9821053644
 9821041845
 9820517025
 9843056843
 9811057427
 9822394541
 9822394256
 9843009988
 9820147712
 9821626808
 9448069321
 9845081252
 9443155622
 9842755230
 9821132193
 9821128255
 9845082058
 9821041320
 9443113263
 9444441234
 9842470623
 9843099100
 9821068213
 9223482360
 9842125592
 9820268496
 9842402344
 9820025321
 9821117012
 9820065437
 9447059022
 9827144044
 9842441045
 9842841045
 9842456403
 9843056403
 9822841698
 9444035389
 9443358098
 9842492948
 9873355723
 9873355724
 9873355724
 9822979771
 9425152038
 9850004831
 9821071413
 9869011565
 9869034517
 9842127773
 9422176856
 9821344510
 9443377301
 9810111157
 9415125447
 9868126851
 9843067833
 9443001493
 9894444699
 9842488881
 9842154329
 9820320462
 9820051406
 9821136071
 9841054177
 9842427878
 9443151176
 9840830033
 9890056681
 9412423057
 9840020647
 9818686640
 9810736565
 9820082661
 9425501357
 9329100884
 9843060660
 9820023522
 9810176614
 9443124831
 9345107671
 9842452910
 9842450167
 9820214220
 9841013940
 9842435456
 9841271828
 9844073629
 9652504454
 9842436009
 9810007149
 9831015446
 9443592235
 9842431171
 9844071805
 9823012304
 9842140625
 9843095183
 9845066190
 9894364006
 9322504107
 9821130170
 9821154116
 9822039871
 9822039877
 9422279261
 9845074539
 9422177171
 9829015847
 9890452675
 9822845220
 9842437005
 9835195245
 9812007188
 9415052414
 9412064269
 9822546630
 9820132072
 9388602951
 9821713289
 9821223080
 9443399821
 9845035907
 9327050201
 9821118392